26.209000 44.944400
25.949600 44.601700
26.228100 44.186200
26.100000 43.366700
26.833300 43.566700
26.166700 43.866700
26.800000 43.966700
27.016700 44.616700
26.800000 44.533300
25.400000 44.566700
23.866700 44.500000
25.083300 45.050000
24.966700 45.016700
25.083300 44.883300
25.200000 45.150000
25.000000 45.783300
27.016700 47.766700
26.886100 47.617400
27.928900 47.761700
33.961900 44.836100
34.432700 40.860400
34.625200 38.745900
30.129200 31.139700
30.841800 29.309900
31.353100 30.179400
31.266700 31.000000
34.729600 31.662500
35.166700 31.883300
35.065800 32.185800
35.563000 32.713800
35.617800 33.980800
35.716700 34.116700
35.020800 32.563500
35.393400 32.560200
35.578300 33.235600
35.701900 36.973700
36.133300 36.016700
39.080600 37.043900
38.916700 38.550000
41.566700 38.033300
41.480600 37.586700
44.524400 33.818300
45.195800 34.729400
46.587700 35.884900
46.789000 34.926700
47.267900 32.694100
50.886700 35.847400
53.283600 36.744300
58.383300 37.950000
51.300000 36.683300
46.125300 38.173600
46.511300 38.805600
44.966700 39.500000
44.382500 40.486100
42.700000 40.583300
40.111000 40.787400
41.637200 41.638600
44.651700 40.963300
47.969700 42.022800
46.456000 42.649100
45.094700 41.454700
44.485800 42.124200
45.050300 43.238600
45.606700 43.056100
45.755600 43.302100
45.776400 43.428100
46.659200 45.270100
44.633500 43.729500
41.030500 45.351000
40.240000 45.516100
39.756700 46.458300
39.073300 46.984400
38.445200 45.752900
38.176000 45.647300
35.000000 46.916700
37.161100 49.309500
36.588300 49.798700
37.821400 50.570900
40.341200 50.858800
41.789400 51.582100
41.418100 52.822100
46.089200 52.858900
46.498100 51.613400
49.691700 49.437800
53.971900 49.661100
49.483300 50.733300
49.147000 51.643100
48.594700 52.859400
50.481800 53.014500
47.871100 56.636900
52.798500 54.537800
50.213500 56.548100
42.700300 56.194700
45.871200 55.722600
42.833300 55.900000
40.737700 56.922700
39.838900 56.148800
41.341700 56.702000
38.284400 55.397500
32.807800 53.809200
30.910900 56.045900
27.391700 53.839700
26.707400 53.509200
26.276800 52.038100
26.184900 50.601500
28.548700 50.272900
31.887100 49.222400
34.103000 44.433600
35.720100 41.074800
36.721900 41.198900
32.895300 40.032000
31.379200 41.169400
30.201100 40.848600
29.494400 40.886100
29.583300 40.650000
27.946700 39.681700
27.166700 38.133300
28.150000 38.200000
26.966700 38.300000
23.965000 38.202500
22.665300 41.405300
23.316700 42.633300
23.200000 42.750000
24.866700 43.466700
24.566700 43.733300
23.500000 43.516700
21.597200 44.196100
19.058600 45.236100
18.429200 44.265800
20.699200 44.438600
20.487800 44.785800
19.029400 42.651700
20.593300 41.240600
20.840300 42.907500
24.100000 42.183300
24.916700 42.266700
24.733300 42.350000
24.766700 42.600000
26.883300 42.766700
26.183300 42.116700
24.750000 41.500000
28.968400 41.031800
26.901100 40.890000
27.600000 43.050000
27.483300 43.600000
28.465000 43.838800
28.402800 45.684200
29.471100 46.830600
29.358300 46.842500
28.856900 47.284700
29.346100 47.886900
30.205900 50.414700
34.312900 51.150200
35.967100 52.999500
36.916700 52.200000
39.833400 54.789700
38.399400 54.748100
37.938000 54.921200
37.905800 55.581400
37.636100 55.405000
38.166700 56.033300
37.639600 59.189200
40.048600 60.054400
42.160000 61.080000
56.414700 64.899200
51.541900 60.334400
48.966800 58.033800
54.920700 57.053800
54.093300 58.937500
56.298300 58.218900
58.628300 57.688600
60.765300 58.872600
61.174400 57.939700
57.960300 52.585400
59.489100 55.573600
59.210600 53.876900
62.500000 57.233300
83.733300 54.966700
91.433300 52.866700
93.621500 55.852900
88.405000 56.514400
86.193100 56.964700
63.643600 56.082500
63.596000 54.678000
69.396900 53.282400
73.878600 54.657000
85.200000 51.316700
82.380100 50.074600
78.314700 45.452800
81.075800 43.122800
78.966700 44.550000
76.180400 43.148200
75.453300 43.558100
71.767800 40.477200
76.151900 39.706100
74.351700 33.614700
75.596700 31.096400
74.883300 32.100000
75.233300 30.316700
77.183300 30.983300
79.383600 27.922700
77.200000 27.866700
73.936400 26.203100
76.483300 24.983300
75.433300 27.266700
73.066700 25.700000
72.383300 23.916700
72.800000 19.183300
70.300000 21.159700
70.033300 21.883300
71.050000 22.833300
67.905500 27.847700
71.125900 29.008500
69.572500 32.298900
70.924700 30.875400
73.183500 31.567800
74.222200 32.047200
72.387300 33.593700
73.010200 33.594100
74.079300 32.975700
75.133300 32.933300
77.463300 29.560800
81.040200 26.920000
81.916700 26.050000
81.116700 25.783300
79.733300 26.116700
79.222700 24.628200
78.808900 24.696600
79.219700 24.830500
81.300000 24.533300
83.983300 25.583300
83.723900 26.274400
84.883300 26.083300
91.350000 29.666700
87.600500 43.801000
86.568300 42.058600
102.775000 46.263900
102.910400 53.435700
104.186700 52.897600
115.516700 52.350000
116.500000 51.866700
117.139900 51.591000
117.937700 50.925200
117.100000 60.233300
129.137000 61.477700
139.975700 69.309600
-165.477200 61.744800
-144.439600 61.515600
-127.700000 52.350000
-123.549000 46.559000
-121.487000 45.799300
-121.895700 41.749700
-121.256300 39.593200
-119.329200 40.866200
-120.836700 39.197700
-120.621400 38.206800
-121.311100 38.291000
-120.256800 37.994700
-119.502900 37.002600
-117.572300 34.426100
-117.664300 33.455100
-116.835600 33.642500
-111.528000 33.191100
-111.398900 33.361600
-103.346300 23.624600
-104.250000 19.283300
-103.033300 20.583300
-100.477200 23.193500
-99.418700 28.030500
-101.050000 28.266700
-102.341500 32.893400
-104.388500 30.182800
-106.780200 36.214000
-108.420100 37.297100
-112.244400 38.415500
-105.991900 38.536000
-105.115000 36.558100
-98.536800 33.801900
-95.486500 35.436400
-97.210000 32.643700
-96.281300 32.360500
-95.452500 29.418500
-90.799000 29.372500
-91.846300 32.264800
-90.041700 32.806500
-86.993900 33.579200
-82.152500 32.538900
-79.868700 33.357000
-71.633300 19.483300
-70.500000 19.416700
-77.366700 18.400000
-74.287500 10.997200
-69.886400 18.470000
-69.666700 18.616700
-62.983300 17.466700
-63.000000 18.250000
-61.233300 15.900000
-61.583300 16.250000
-61.383300 15.283300
-61.056700 14.832900
-61.716700 16.000000
-60.883300 13.900000
-59.616700 13.216700
-59.616700 13.100000
-61.750000 12.050000
-61.433300 10.250000
-61.333300 10.633300
-61.516700 10.666700
-61.500000 10.133300
-57.000000 -0.983300
-54.934400 -10.169300
-57.516700 -16.533300
-55.982900 -15.454300
-49.441800 -18.329500
-48.383300 -19.233300
-50.366700 -21.866700
-50.516700 -22.066700
-46.589500 -22.781700
-47.021000 -23.688000
-51.983300 -22.616700
-54.633300 -28.283300
-54.666700 -30.983300
-60.683300 -33.100000
-61.902800 -31.090200
-64.993300 -33.175400
-63.580400 -32.610700
-61.316700 -33.700000
-67.633300 -27.683300
-69.933300 -27.083300
-71.227200 -30.200800
-69.177800 -38.805600
-72.600000 -38.733300
-72.516700 -51.733300
-63.683300 -40.433300
-60.936300 -35.988300
-58.566100 -34.599900
-55.900000 -34.700000
-58.516700 -34.650000
-58.761800 -34.509600
-51.816700 -30.850000
-49.118800 -26.889900
-49.716700 -24.783300
-49.677400 -25.521500
-43.766700 -21.066700
-42.516700 -20.766700
-45.282400 -22.008500
-42.170300 -21.763300
-41.283300 -20.150000
-41.050000 -19.250000
-42.766100 -18.167800
-42.606400 -16.907800
-43.709900 -16.327800
-44.659200 -16.071700
-41.337400 -17.679100
-39.791500 -14.903100
-38.116700 -12.666700
-39.100000 -12.050000
-39.484700 -11.433900
-36.521700 -8.291900
-37.566700 -5.783300
-39.710900 -10.340300
-40.970800 -10.187100
-43.508700 -7.088800
-42.369600 -9.541100
-43.083300 -10.983300
-48.387800 -13.426800
-45.450000 -10.916700
-45.520200 -9.727400
-45.477000 -9.922800
-45.743800 -8.471900
-49.673000 -3.768000
-48.612200 -0.486200
-50.791400 1.743300
-55.150000 5.816700
-61.500000 7.300000
-62.733300 8.983300
-63.096100 10.308900
-66.288100 10.113300
-68.266700 12.150000
-67.983300 7.500000
-70.233300 9.633300
-71.449200 10.469400
-73.222800 6.635700
-74.048600 5.477800
-74.216800 4.579400
-76.882800 0.084700
-72.416700 -13.566700
-76.966700 -12.133300
-76.966700 -12.033300
-80.416700 -0.600000
-80.133300 -0.166700
-89.027800 13.938100
-89.683300 13.933300
-96.450000 17.116700
-97.747200 17.728600
-97.100000 18.916700
-97.350000 18.316700
-97.733300 18.900000
-97.916100 19.584500
-99.196900 19.449900
-99.333300 19.356400
-99.335000 18.726200
-100.183300 20.716700
-101.133900 20.620800
-99.155700 20.413500
-97.158300 19.566700
-96.883300 19.275000
-96.177200 19.127800
-89.214000 20.771800
-86.731100 21.231100
-80.085500 26.345300
-76.886000 34.688500
-75.289700 38.409700
-76.363600 37.802500
-81.635400 35.530000
-82.140100 37.648400
-81.217700 37.444300
-83.101600 37.334000
-84.883600 37.915100
-85.702600 37.963300
-87.198000 33.290400
-85.672500 33.251000
-84.315200 33.018100
-88.272300 30.756400
-87.666200 31.032600
-90.126800 35.536500
-86.863400 37.666000
-86.766600 38.937100
-87.789300 41.872500
-89.289800 43.012500
-90.956500 42.679700
-92.588400 44.660900
-93.934300 40.832400
-97.698600 42.032200
-100.724400 43.620300
-94.749500 43.669200
-91.929700 46.559900
-91.670700 47.022700
-85.650000 48.683300
-83.400000 47.833300
-87.931700 45.594400
-88.439100 43.482700
-84.166100 42.007600
-83.740800 41.419200
-82.937400 42.375900
-79.501400 44.114900
-78.715800 44.160900
-80.255000 44.106400
-81.833700 43.075000
-80.856600 41.756400
-80.696700 43.209000
-79.746300 43.160700
-77.616700 44.516700
-72.666700 48.883300
-70.287000 46.578200
-71.515800 48.450100
-67.746600 46.926600
-70.073100 44.435400
-69.634400 43.807000
-71.617600 42.491800
-64.678100 32.381700
-64.292500 44.488900
-65.373500 45.649600
-65.075400 45.948900
-64.833300 46.066700
-63.202800 45.531000
-64.532100 44.350100
-61.261000 45.959300
-59.952700 46.121800
-55.466700 47.683300
-28.163200 38.411100
-54.050000 47.183300
-54.916700 47.366700
-62.883300 46.016700
-63.074500 45.471900
-64.417800 44.378400
-67.059200 44.808100
-70.192800 44.615900
-73.158100 45.341800
-72.435300 43.141800
-72.676400 42.070400
-75.042900 41.842300
-73.672000 41.288800
-73.686200 40.793900
-74.106400 40.670500
-76.165800 40.175700
-75.842700 40.010700
-75.226700 40.014300
-75.107800 40.097900
-74.256300 40.218200
-73.788100 40.728000
-73.976800 41.211800
-74.628700 43.042300
-75.689300 43.271500
-77.501000 42.483700
-78.949900 40.199200
-79.633900 41.222600
-78.774200 40.301100
-79.866400 40.125100
-79.981000 39.757700
-83.120100 39.863900
-83.939900 39.990100
-83.835200 40.559500
-85.806500 42.031200
-90.539300 42.523600
-92.079100 40.933300
-92.292900 38.692000
-93.434000 37.004700
-94.832300 36.966200
-96.729700 36.117900
-97.266300 37.628200
-98.206300 37.999200
-108.028700 45.369300
-105.260300 43.231900
-117.860700 47.698300
-114.180700 47.277100
-95.887700 47.653000
-96.594200 48.753100
-101.033300 50.133300
-104.533300 52.666700
-107.034500 53.500100
-109.751600 50.450100
-114.183300 64.183300
-143.666500 70.124100
151.700000 62.266700
130.850000 45.800000
134.000000 46.220000
131.969200 44.309200
128.997200 42.539700
131.430000 43.040000
138.766700 47.233300
142.209200 47.997800
142.457800 44.350600
140.116700 37.683300
141.179000 38.408900
141.116700 38.983300
140.273600 38.153900
139.705500 36.057600
139.583300 36.366700
139.570800 37.729200
139.000000 36.500000
140.316700 35.783300
140.033300 35.480000
139.795600 35.793600
139.850000 35.750000
139.980400 35.821000
138.783300 34.666700
139.550000 35.333300
139.223600 35.371100
139.948400 35.710200
140.311600 35.309700
139.629700 35.855900
139.494800 35.342300
139.417400 35.545400
139.089700 35.671700
138.200000 34.666700
136.966700 35.050000
137.133300 35.316700
138.416700 35.783300
137.333300 37.433300
137.100000 37.416700
133.748300 34.554700
133.935000 34.661700
134.289900 35.386300
135.039100 35.160300
135.631900 34.620500
135.783300 34.633300
135.548900 34.496500
132.716700 33.283300
132.766100 33.841700
133.383300 34.566700
131.290800 31.385000
130.400000 31.950000
130.620600 32.502400
130.466700 32.566700
130.735200 32.858700
130.718900 32.813600
130.600000 33.200000
129.722800 33.159200
122.282900 30.027000
128.610300 34.733900
126.574200 34.177500
126.297800 34.466700
126.900000 34.550000
126.930600 34.383600
127.589200 34.975300
129.138600 35.749400
128.681100 35.228100
128.820000 35.099200
129.008600 35.558900
128.212300 35.747300
127.071000 37.331000
128.408100 36.975000
127.439400 35.315600
127.641100 37.304200
127.216700 36.916700
127.104600 37.602000
126.741900 37.583900
127.083300 37.516700
126.722000 37.505300
126.581400 37.652200
124.231700 41.635300
122.909700 41.217200
122.991100 39.700800
117.532500 37.651700
115.817500 38.870000
112.667500 37.744700
116.983300 35.300000
115.833300 36.666700
114.395800 35.711100
115.770300 33.877200
110.066400 34.565300
106.890800 31.066600
105.666400 29.765800
102.989400 27.771600
107.506400 28.629700
108.766700 30.850000
110.846400 27.546700
110.863200 26.344100
112.539800 25.232500
113.748600 28.968900
113.900000 29.983300
114.316700 30.250000
115.600000 32.116700
116.552800 31.650000
118.241700 31.625000
120.430900 30.531100
121.245700 30.176400
120.990300 30.075100
119.456100 29.083900
121.293100 30.248900
121.265800 31.169400
119.567200 35.579400
120.629800 31.314700
119.866700 30.600000
119.839200 29.218300
117.948900 28.662500
118.960300 27.426400
115.670300 28.338300
116.911100 27.297300
118.615000 27.429400
119.405800 27.409200
119.466900 27.034600
119.333300 25.900000
120.559700 23.985800
120.315000 23.305300
121.200000 23.116700
120.307100 22.641900
114.183300 22.350000
114.116700 22.233300
114.400000 23.083300
113.250000 23.116700
113.202500 23.102400
113.235300 23.242600
113.882500 22.787400
114.183300 22.550000
114.561800 23.427400
115.150400 23.233200
116.274700 23.620600
116.390400 23.454100
117.045300 24.281900
117.516400 25.555000
118.480000 24.772800
121.538900 24.960000
127.983300 26.371200
128.033300 26.616700
121.089600 16.283800
120.448900 15.359700
120.542100 15.071600
120.598300 14.561900
121.070800 14.515800
121.120800 14.210800
121.111000 14.637900
120.550000 14.983300
120.810400 14.844300
120.883900 14.338900
121.846900 13.322200
121.141000 13.805500
120.925300 13.879400
123.495300 13.258900
122.592200 10.655800
124.307200 11.803600
144.786300 13.444300
125.648900 7.110000
124.300000 7.216700
123.321900 8.038200
123.846100 8.309600
123.858600 10.286100
122.605300 11.431000
116.250000 5.783300
111.469900 -6.651400
111.601400 -6.680600
111.605000 -6.704900
112.049300 -6.902100
120.863600 -2.533300
121.068000 -3.108500
119.799300 -3.927500
119.633900 -5.248200
117.089400 -8.429200
116.658700 -8.511800
122.399400 -28.625300
141.909000 -12.698000
148.683300 -20.283300
145.016700 -26.633300
151.350000 -30.466700
149.783300 -29.916700
151.083300 -31.200000
150.890100 -32.261200
150.600000 -33.716700
150.550000 -34.150000
150.430600 -34.439300
150.924100 -33.882600
150.880700 -33.911200
151.216700 -33.733300
150.983300 -33.383300
151.609800 -32.974900
151.481500 -32.837800
151.515400 -32.790800
153.150000 -28.866700
153.044500 -27.355900
152.882800 -27.559400
153.183300 -27.516700
152.866700 -27.600000
152.133300 -28.050000
151.962500 -27.586800
153.058300 -27.483300
152.597000 -27.566100
152.052800 -27.530900
151.766700 -27.050000
152.033300 -26.883300
150.789300 -23.187600
166.050000 -21.866700
173.505700 -35.393200
175.450000 -37.866700
176.133300 -37.716700
175.300000 -38.050000
176.824200 -39.674400
147.331700 -42.883200
147.066700 -41.000000
145.933300 -41.083300
149.966700 -36.350000
150.282300 -34.491600
147.351600 -35.145200
146.918800 -36.145400
145.066700 -37.033300
145.166700 -37.950000
146.233300 -38.250000
145.950000 -37.933300
143.364700 -37.686000
144.564300 -37.972800
145.400000 -36.383300
147.250000 -33.533300
144.150000 -35.733300
141.366700 -35.233300
138.942500 -35.002900
137.766700 -34.516700
137.731100 -35.044000
121.875000 -33.857000
120.046900 -33.583000
117.833300 -34.516700
117.082400 -32.532500
115.736800 -31.779000
116.033300 -30.466700
118.116700 -30.883300
115.223000 -8.420300
114.210100 -7.750700
113.059800 -7.200100
112.303700 -7.670300
111.895600 -8.241000
111.019700 -7.370000
110.420000 -7.245000
111.016700 -6.483300
110.896200 -6.564800
110.488600 -7.006700
109.513000 -6.873900
109.470000 -7.359400
108.006700 -6.852200
106.981400 -6.312300
106.859600 -6.184800
106.814100 -6.161600
106.806500 -6.196900
107.076400 -6.274700
105.526900 -5.117800
104.200000 -4.983300
103.956100 1.341100
102.222000 2.240800
102.171600 2.521900
103.890800 1.356700
102.500000 5.750000
102.400000 5.833300
101.795200 2.988500
101.778300 3.143700
102.100000 3.016700
98.949300 2.877500
99.314000 3.414800
100.381400 5.463400
101.707300 6.398100
100.077900 7.617900
99.666900 7.386200
103.996600 11.855100
107.016700 10.950000
106.731900 10.834200
99.416700 9.150000
99.333100 9.140100
98.415100 9.194000
101.165800 12.698900
100.983500 13.362200
99.166700 10.500000
99.900000 12.666700
100.000000 13.400000
100.933300 13.883300
100.611600 13.785500
100.333300 14.950000
100.300000 16.383300
100.233300 16.916700
99.337000 17.880500
100.683300 14.733300
105.119300 12.428700
105.062700 13.594300
108.883300 15.050000
105.418800 21.306500
109.169500 21.668200
112.466200 22.050700
111.015000 22.470800
110.155800 19.665600
109.054400 19.367500
103.023000 21.386000
100.333300 24.316700
94.833300 26.283300
91.112300 23.974600
90.166700 23.983300
93.050000 27.300000
89.850000 25.300000
88.630300 23.776900
87.848700 24.224300
87.883300 23.066700
86.450000 22.516700
83.966700 21.450000
83.616700 21.333300
83.550000 18.250000
80.200000 18.316700
79.450000 17.366700
75.700000 16.183300
75.116700 15.783300
73.850000 15.500000
73.706900 16.115600
74.466700 16.166700
73.366700 18.616700
76.383300 18.733300
75.516700 18.016700
75.966700 17.166700
78.116700 18.666700
79.116700 21.950000
78.133300 20.400000
78.532400 21.421300
77.050000 19.183300
77.100000 18.250000
78.655000 17.430600
81.633300 17.250000
82.043800 17.244400
81.724100 16.835500
80.971400 16.297000
80.050000 15.350000
80.240800 13.070000
80.278100 13.081900
80.133300 12.950000
78.008300 15.013000
78.933300 13.650000
80.166700 7.483300
80.416700 7.483300
79.900300 7.218000
79.915900 6.854500
79.875700 7.164300
78.940600 9.822800
76.966700 9.850000
76.566700 11.483300
75.350000 12.050000
75.566700 11.966700
75.868900 11.178000
76.255900 9.920100
80.450000 5.966700
63.408300 -19.694400
57.583300 -20.050000
57.580200 -20.018400
57.483300 -20.300000
55.533300 -20.900000
47.783300 -18.333300
28.116700 -25.800000
28.303000 -26.222000
28.414500 -26.204700
28.267100 -25.825900
28.149400 -25.805800
28.270300 -26.057900
27.900000 -26.033300
18.161600 -33.344400
18.421300 -33.941000
18.420000 -34.155900
27.217400 -32.834800
27.232900 -31.703100
30.886400 -29.965700
30.855800 -30.096300
31.000100 -29.834800
27.150000 -24.933300
14.683300 -13.783300
35.866700 -1.083300
36.816700 -1.283300
37.016700 -0.166700
37.650000 -0.333300
47.162700 23.991500
55.943200 25.789500
57.262700 27.728600
61.683300 27.116700
55.553300 25.565300
55.274600 25.221900
38.933300 15.333300
9.566700 11.433300
6.760000 11.814100
7.583300 10.800000
6.594600 5.861800
3.900000 7.800000
-17.454200 14.692800
-8.235400 37.101100
-8.379700 37.999700
-8.786100 38.380600
-9.192700 38.839000
-7.162800 38.881500
-4.900000 39.433300
-4.918000 39.962900
-4.091500 40.204400
-4.309500 40.991800
-4.417300 41.257600
-5.478900 40.476200
-5.583300 40.316700
-6.637800 40.061300
-5.906200 40.506800
-5.793500 41.039400
-5.664100 41.392000
-7.259000 42.483000
-7.950000 42.316700
-8.308900 41.382100
-7.668500 41.477000
-7.440200 41.588100
-7.467500 41.229200
-7.555500 40.705400
-7.998300 41.097000
-8.300000 41.050000
-8.349100 41.052200
-8.320700 40.800400
-8.751000 39.979000
-8.536600 39.938700
-8.495400 39.776500
-8.388100 39.491800
-8.347600 39.497300
-8.445600 40.290700
-8.101900 40.531500
-8.467300 40.820400
-8.374700 40.972700
-8.736400 41.313500
-8.616700 42.200000
-8.383300 42.116700
-8.750000 42.866700
-7.566700 43.000000
-7.015900 42.882900
-5.864300 43.578700
-5.573500 43.259900
-5.707300 43.302400
-6.319400 42.939300
-5.983600 42.089400
-5.716700 42.100000
-4.050000 41.133300
-3.659700 40.392400
-3.191000 40.207700
-3.558000 40.885700
-3.410000 40.590400
-2.884700 39.920900
-2.949700 40.165700
-0.566700 40.266700
-0.531000 39.741600
-0.126800 38.773100
-0.433300 38.616700
-3.012700 37.008400
-3.621700 37.948500
-4.214600 37.945400
-5.988900 37.675800
-6.682000 37.948800
-7.652800 38.171300
-17.866700 28.566700
-16.720100 28.050100
-16.333300 28.533300
-15.511800 28.100100
-5.450000 35.283300
-5.634100 37.079500
-5.845900 36.136900
-4.350000 34.910000
-1.308100 35.280800
-0.796500 38.086400
-0.109000 38.754900
-0.416700 39.516700
-1.366700 39.200000
-0.787200 39.132100
-0.811400 41.033100
-2.744300 40.848200
-3.694900 41.181500
-3.025700 42.775400
-3.250000 43.116700
-0.645500 43.664200
-1.057200 43.384400
-0.250000 43.516700
-0.153100 43.902800
0.050000 44.333300
0.241900 44.374300
0.474900 44.613800
0.254900 44.826500
-0.286400 44.818000
-0.463300 44.926900
0.783300 44.866700
0.415700 44.997900
0.522400 44.380000
0.501300 43.382300
0.043100 43.800000
-0.753300 42.756500
-1.671600 42.717700
-2.266700 42.616700
-1.750000 43.083300
-0.950000 42.833300
-0.450000 43.133300
-0.392300 43.889900
0.671600 44.618900
0.816700 44.816700
0.416700 45.200000
0.266700 45.683300
-0.300000 45.716700
-0.120800 46.589800
-0.218000 46.323400
0.024700 46.074600
-0.791300 46.077300
-0.429000 46.049000
0.036400 46.246700
0.699600 45.589700
1.950100 44.599500
2.463400 44.474500
2.198600 44.452700
0.783800 44.060700
0.614700 45.174900
-0.435600 45.460900
-0.553100 45.079100
-0.300000 45.450000
-0.491500 45.701500
1.808000 45.187000
1.854000 44.926300
2.552800 45.000600
2.173100 44.828500
1.897800 45.230300
1.571900 46.155900
0.909300 46.322500
-0.986100 46.707000
-2.700000 48.066700
-3.112700 47.598000
-1.679500 47.596500
-2.480300 47.277500
-1.533300 47.616700
-0.397600 47.455900
-1.116700 47.100000
0.377800 46.975600
1.582400 47.344400
2.450000 47.166700
2.616700 47.033300
3.280100 47.076000
4.348900 47.143700
4.935100 47.914900
5.636500 47.581400
6.521200 47.309900
6.140300 47.033100
5.904100 46.946000
5.486500 47.021600
5.724700 46.751600
6.105300 45.708300
5.186900 45.940600
6.560200 45.470900
6.833300 46.150000
6.778000 46.482100
6.882200 46.727600
6.604500 46.658900
7.300000 46.716700
7.051800 47.028400
7.081100 47.389000
6.749100 47.056200
6.905000 47.177100
7.263600 47.096300
6.488500 46.866600
7.708900 46.321000
6.005800 46.154500
6.010300 46.144200
6.204700 46.415400
6.520600 46.546600
6.223200 46.245700
6.101800 46.183900
5.422100 45.397900
5.430200 45.907200
5.377600 46.080700
5.216200 46.783100
4.945300 46.875600
4.791500 46.551500
4.671500 46.670800
4.115000 46.223900
4.481800 46.306500
3.700000 45.633300
3.081100 45.831400
3.383300 45.733300
3.125600 45.403000
2.735000 45.512400
2.566700 46.283300
1.525700 47.793700
1.009400 47.723500
1.233900 47.613500
2.172900 47.608900
1.950000 47.483300
2.949600 48.383600
2.768100 48.542800
3.201500 48.902000
3.367900 49.002000
3.274300 48.365000
2.860200 48.941100
2.930400 48.335500
3.477300 48.842000
4.566700 49.516700
4.480400 49.538200
4.979800 49.634200
4.327400 50.151100
3.642500 50.073300
3.462400 50.153500
2.370700 49.130800
3.048000 49.588300
3.555500 49.529600
3.743500 49.700200
3.572300 49.475800
3.840000 49.713000
3.962700 50.264300
3.580900 50.198400
3.062200 50.522200
2.950000 50.750000
3.800000 50.616700
2.981400 50.085800
2.956600 49.896600
3.134600 49.525200
2.648700 49.699000
1.634300 49.937200
1.772800 49.816200
0.852800 49.599500
0.368400 49.556100
-0.282500 49.241500
0.634800 49.531000
1.616700 49.316700
1.590300 49.382900
0.966700 49.250000
2.242300 49.140500
2.422500 48.602200
2.288600 48.893900
2.221100 48.732600
1.772600 48.463600
1.381400 48.367100
1.754400 49.195600
1.436200 49.117600
1.687600 49.176900
2.877400 49.437800
3.296300 49.401700
3.863000 49.175100
3.903100 48.469500
2.804000 47.070600
2.841900 46.727500
3.265800 46.850600
3.055100 46.502500
3.051900 46.676000
3.432500 47.497400
3.943400 47.911200
3.971100 47.416400
4.895200 47.186400
5.712700 47.124700
5.845000 47.718700
6.453400 47.622300
7.466700 47.450000
7.145400 47.593700
7.329500 47.538800
6.924100 47.489900
6.312300 47.807800
6.279300 47.695700
5.526900 47.458400
5.148000 48.357400
4.964000 48.456900
4.716000 48.434500
5.003900 48.783300
4.686500 49.137500
4.800000 50.350000
4.583300 50.833300
4.600000 50.816700
4.900000 50.933300
5.350000 51.100000
5.233300 50.950000
5.233300 50.383300
5.166700 50.000000
6.416700 50.166700
6.566700 49.666700
7.066700 49.416700
7.025200 48.941100
7.037600 49.025700
7.600000 49.550000
7.766700 49.883300
7.816700 49.666700
7.716700 50.083300
6.750000 49.916700
6.566700 50.416700
5.883300 50.533300
5.683300 50.566700
5.466700 50.850000
4.816700 51.033300
3.683300 50.733300
3.716700 50.866700
4.450000 50.866700
4.016700 51.000000
3.443300 51.246100
4.038500 51.650300
3.816700 51.066700
3.566700 51.183300
3.550000 50.983300
4.533300 51.066700
4.516700 51.200000
4.383300 51.166700
4.700000 51.266700
4.800000 51.133300
4.611300 51.640100
4.650000 51.583300
4.397800 51.360200
4.181700 51.417100
4.950000 51.100000
5.116700 51.350000
5.041300 51.674400
4.774700 51.514300
5.134400 51.880200
5.190000 51.888700
5.345700 52.033400
6.499200 52.464300
5.516700 52.100000
5.950000 52.066700
5.716900 51.748800
6.288300 52.249300
6.711400 52.570600
6.561300 52.198000
7.721200 52.368900
7.583300 52.516700
7.036200 53.166500
6.714500 53.143200
6.068000 53.004500
6.075100 52.961300
4.625000 52.618800
5.850700 52.449700
5.738000 53.157600
7.533300 53.366700
8.183300 53.133300
8.383300 52.633300
8.583300 52.233300
10.350000 52.666700
10.574900 52.904300
10.900000 52.883300
11.300000 53.750000
10.966700 53.800000
10.700000 53.683300
10.416700 53.983300
10.900000 54.266700
10.333300 54.433300
12.516700 53.783300
12.526500 54.961000
11.967700 54.568300
11.478000 55.672400
9.650000 54.650000
9.000000 54.600000
9.537600 54.456500
10.050000 54.366700
9.968400 55.369300
9.357800 55.253700
9.533300 55.233300
8.549600 55.131100
8.491600 55.801300
8.333300 56.266700
9.955100 56.894700
12.600000 55.766700
11.348900 55.286100
13.416700 54.333300
13.204500 54.188400
12.666700 53.750000
12.766700 53.600000
13.283300 53.616700
14.016700 53.716700
13.600000 54.116700
13.083300 54.250000
12.433300 54.200000
11.983300 53.716700
11.950000 53.650000
11.500000 53.833300
11.533300 53.683300
9.816700 53.166700
9.236800 53.802700
8.916700 54.016700
9.150000 54.150000
9.300000 53.516700
9.533300 53.283300
10.066700 53.600000
9.900000 53.466700
10.850000 52.683300
11.166700 52.350000
9.213200 52.779400
9.753500 52.018900
9.766700 51.500000
9.533300 51.333300
9.270800 50.751800
8.833300 50.516700
7.233300 50.850000
6.933300 51.216700
7.450000 51.000000
7.569300 51.000600
7.100000 50.550000
7.566700 50.583300
7.600000 50.650000
7.300000 50.550000
7.150000 50.366700
7.733300 51.066700
6.300000 51.216700
5.900000 51.050000
5.443600 50.602200
5.383300 50.300000
5.733300 49.766700
5.915400 49.433600
5.600000 49.566700
4.705000 50.004600
4.657200 49.486900
3.053000 50.379300
2.424700 50.518500
2.686800 50.080900
3.167100 49.856600
3.166700 50.317300
2.636300 50.373600
2.428600 50.295200
0.457700 49.485500
-0.395100 48.989100
-1.225400 49.043900
-0.674800 48.853800
-0.710300 48.645900
-0.283100 48.973600
0.021400 48.731400
-0.339100 48.495000
0.083300 48.350000
0.384000 47.683000
0.296100 47.425700
1.040300 47.055500
1.630100 46.622500
1.861500 46.884900
3.004300 46.708600
3.472600 46.255400
4.418600 46.193100
4.625000 45.987300
5.215300 45.757000
6.322700 45.272600
6.995900 45.320600
6.116700 45.033300
5.726500 45.112900
5.637400 44.232200
5.511200 43.858400
5.751000 43.761700
5.889700 44.169700
7.400000 44.233300
7.433300 45.050000
8.283300 45.133300
9.816700 45.200000
9.616700 46.000000
10.342800 46.030000
11.683300 46.433300
12.849400 46.838100
12.336400 46.417800
12.500000 45.683300
12.381000 46.141000
12.358800 46.120800
12.731400 46.847200
13.516700 46.966700
11.766700 47.883300
11.233300 47.883300
11.283300 47.783300
10.613600 47.930000
9.750000 47.983300
9.366700 48.983300
9.183300 48.833300
8.816700 48.866700
8.216700 48.933300
8.216700 48.800000
8.883300 48.483300
10.350000 48.850000
10.300000 48.650000
11.416700 49.200000
11.416700 49.550000
10.300000 49.516700
10.816700 49.766700
10.233300 50.333300
9.366100 49.930800
9.700000 49.683300
10.566700 49.566700
10.350000 49.583300
10.433300 49.316700
10.650000 48.866700
11.233300 48.883300
11.800000 48.666700
11.716700 48.883300
11.683300 48.533300
11.583300 48.466700
11.433300 48.600000
11.933300 49.033300
12.350000 49.433300
13.072500 49.748500
13.083300 49.716700
14.072600 50.409700
14.539300 50.048900
14.683300 50.116700
14.216700 51.650000
12.166700 52.050000
12.600000 51.833300
13.133300 51.516700
13.836000 50.451200
13.516700 50.333300
14.086400 50.321800
14.566700 50.183300
14.847200 50.144100
15.017100 49.911700
14.950000 50.300000
15.019700 50.283900
14.889300 50.351300
15.521100 50.388500
15.385300 50.511900
14.247800 50.361700
13.843000 50.633100
13.444400 50.900000
13.533300 51.000000
13.366700 51.116700
12.633300 50.783300
12.072600 51.109700
11.916700 51.233300
12.100000 51.566700
13.000000 52.466700
13.616700 52.366700
14.900000 51.683300
15.030800 51.814000
14.966700 51.933300
15.213100 51.634700
15.475100 51.704200
15.422200 52.012000
16.220400 51.280100
16.482300 51.804800
16.761100 52.280100
16.207900 52.263200
16.301300 52.007300
19.261300 53.053500
17.948500 52.047800
17.706600 51.858100
19.160900 51.295700
18.599000 50.715600
18.340100 50.510700
18.532800 50.390600
19.433300 50.166700
18.953800 49.854800
17.709400 49.898900
17.787000 49.897000
18.202200 50.007100
17.299800 49.820800
18.169900 49.564900
18.686900 49.421000
17.800000 48.900000
17.491600 49.381000
17.416700 49.233300
17.066700 49.283300
17.070400 48.839700
16.493000 49.356600
17.066700 49.366700
16.033300 50.883300
15.916700 51.116700
15.698800 51.181300
16.662100 50.818100
17.776500 50.493600
17.937300 50.337000
19.233300 50.466700
20.739800 50.508800
20.566700 50.450000
20.450000 50.050000
20.660700 49.853200
19.729000 49.730700
20.331900 49.930500
20.166700 50.016700
20.526900 49.415200
20.950000 49.050000
21.678700 48.469000
20.950000 48.300000
21.950000 49.250000
20.876900 49.263400
20.844600 49.679000
20.750000 49.216700
20.883300 49.616700
21.005900 49.727300
20.818200 50.239900
20.186400 50.217000
20.013700 51.132200
20.187900 50.991300
19.103700 51.422100
19.212300 51.536800
20.480600 51.939400
19.550800 51.883900
20.907800 51.669300
21.150000 51.833300
21.799500 53.144200
22.972700 53.908100
24.033300 54.050000
24.441700 55.708300
24.483300 55.633300
23.383300 54.583300
23.316700 54.583300
22.769600 54.260900
23.729700 53.168600
23.150000 53.370600
22.433300 53.100000
22.220600 52.167800
22.573000 51.705800
22.172600 51.345100
23.438600 51.348800
25.183300 50.883300
22.689500 50.141900
22.566700 50.166700
21.683300 50.283300
21.157300 50.379400
21.783100 50.656800
21.439200 51.009300
21.482800 51.316300
21.295300 51.663300
21.355500 52.191200
20.411400 52.600900
20.475600 54.148400
20.428300 53.917900
19.417800 54.271300
19.880800 53.839000
19.742000 54.090500
18.900800 53.684600
18.397400 52.511100
20.350000 52.083300
20.463900 52.266600
20.666300 52.937200
21.206900 52.822700
19.972800 52.026400
19.289200 51.959800
18.913200 52.732800
17.383300 52.483300
17.498300 52.744500
15.842300 53.296100
14.283300 52.650000
14.781300 52.643400
14.433300 52.666700
14.546500 53.473300
14.411700 53.362700
15.298500 53.939800
16.583300 53.716700
15.699500 54.194100
14.816700 55.166700
16.616700 56.850000
18.483300 54.683300
21.633300 55.666700
22.777500 55.428900
21.933300 56.533300
24.388900 58.511400
24.376900 58.715300
25.095600 59.125600
30.595300 56.398200
28.465400 56.295500
27.416700 56.700000
31.746500 58.417100
31.369100 58.660900
29.725300 60.519600
29.808300 60.718900
29.828400 59.660000
28.810800 61.157500
28.600000 61.900000
27.786100 62.173000
27.683300 60.566700
25.900000 60.383300
24.887800 60.428900
24.816700 60.280000
25.073900 60.266100
24.433300 60.483300
22.250000 61.616700
21.916700 61.083300
22.366700 60.366700
22.733300 60.583300
20.033300 60.250000
21.400000 60.766700
23.666700 61.133300
23.350000 61.466700
23.933300 62.166700
23.800000 61.883300
23.050000 62.116700
25.416700 64.933300
26.550000 65.516700
29.100000 64.483300
27.983300 64.400000
22.300000 63.200000
21.666700 62.716700
17.850000 63.933300
18.250000 65.016700
18.883300 64.816700
16.766700 64.416700
11.664400 62.102400
11.133300 63.200000
5.400400 61.363500
5.933300 61.666700
9.650000 61.650000
14.183300 61.150000
17.216700 60.683300
14.272000 59.531800
14.133300 58.383300
13.800000 58.233300
11.983300 57.633300
13.250000 57.116700
12.034000 55.944400
11.683300 57.983300
13.233300 59.583300
9.827100 59.511300
9.450000 59.850000
9.200000 59.016700
6.333300 58.533300
5.298500 59.376500
5.250000 59.483300
5.745300 59.863800
5.172300 59.792800
5.766700 60.016700
5.400000 60.333300
-1.383300 60.266700
-6.700000 61.400000
-2.350000 57.650000
-4.416700 57.983300
-2.883300 56.450000
-2.427300 56.748100
-2.350000 57.133300
-2.533300 57.016700
-2.883300 56.583300
-3.033300 56.166700
-0.266700 54.150000
-0.816700 54.000000
-2.516700 53.716700
-3.216700 54.183300
-3.450000 53.266700
-2.816700 53.366700
-2.416700 51.816700
-2.892200 51.545000
-4.117800 51.753600
-4.787800 51.913900
-7.826900 53.269400
-8.221100 53.210800
-7.800000 53.733300
-7.374000 54.571000
-6.166700 54.983300
-6.266700 54.466700
-3.916700 56.016700
-3.333300 55.916700
-3.516700 55.066700
-4.283300 53.033300
-6.578900 53.014400
-7.270300 52.583100
-9.233300 52.316700
-9.616700 51.900000
-9.516700 52.050000
-8.893300 52.939400
-8.783300 52.166700
-5.600000 50.183300
-5.197400 50.310600
-3.783300 50.633300
-3.784100 50.282500
-4.202400 48.497300
-3.639600 48.527700
-2.817800 48.570500
-1.530900 49.217000
-1.337400 49.356100
-2.016700 50.600000
-3.084100 51.048300
-3.493300 51.456900
-3.676700 51.533300
-3.496400 51.167800
-3.533300 50.900000
-1.383300 50.900000
-1.733300 51.950000
-1.883300 52.150000
-0.883300 53.066700
-1.250000 53.250000
-1.216700 53.850000
-0.750000 53.550000
-0.450000 53.266700
-0.350000 53.233300
-0.983300 52.916700
-1.033300 52.716700
-1.083300 52.433300
0.316700 52.000000
-0.750000 52.433300
-0.450000 51.900000
-0.033300 51.633300
-0.916700 51.133300
-0.400000 51.400000
0.300000 51.550000
0.316700 51.900000
0.366700 51.666700
0.866700 52.083300
1.200000 52.500000
1.383300 52.033300
2.217700 50.996500
1.773800 50.554600
1.831300 50.893300
2.254600 50.539400
2.263500 50.397200
1.525300 50.041400
1.452000 49.806700
1.667300 49.582100
1.853600 49.549200
2.204900 48.971100
1.877600 48.586000
2.291800 48.226000
2.116700 48.000000
2.983300 47.116700
3.159000 46.989600
3.362500 46.443500
4.644700 45.878000
4.265100 45.561900
3.816700 45.383300
5.287000 44.998600
6.816700 44.983300
7.366700 44.950000
7.466700 45.400000
7.650000 45.366700
8.333300 44.350000
9.115600 44.372200
9.702300 44.446900
9.285100 44.381700
9.183300 44.666700
9.033300 44.816700
9.183300 44.750000
8.816700 44.433300
9.383300 44.883300
9.094400 45.331000
9.316700 45.700000
9.166700 45.533300
8.552000 45.834200
8.050000 45.566700
8.649800 45.995200
8.085500 45.488000
8.166700 45.616700
7.600000 45.800000
9.464200 45.567100
9.427600 45.640500
9.383300 45.633300
9.554900 45.542200
9.445300 45.358000
9.559600 45.681800
11.614300 45.546400
11.483300 45.700000
12.483300 46.600000
12.816700 47.316700
12.833300 47.400000
13.183300 47.800000
13.216700 47.916700
12.970600 47.919400
13.183300 48.333300
13.783300 48.100000
13.633300 48.583300
13.283300 48.633300
13.519700 48.539700
13.750000 48.483300
13.733300 48.383300
13.816700 48.466700
14.388400 48.702700
14.024800 49.532600
15.158200 49.362300
15.758700 49.407600
14.483300 49.650000
12.816700 49.083300
12.066700 49.633300
12.283300 49.933300
11.316700 50.350000
11.350000 49.800000
11.933300 50.183300
10.783300 51.266700
8.783300 51.550000
9.100000 50.866700
8.600000 50.466700
8.708900 49.831400
8.398600 49.518600
8.399200 49.518600
7.666700 49.366700
7.533300 49.466700
7.450000 49.333300
7.438800 48.718200
8.200000 48.800000
7.294200 47.929100
6.574500 48.161700
7.572700 48.207900
7.552900 48.671200
6.707600 48.539200
7.281000 48.819200
7.428300 48.542800
7.301400 48.285400
7.443900 48.125500
8.216700 48.133300
7.616700 47.783300
8.016700 47.750000
8.283300 47.600000
8.557500 47.681100
8.711100 47.305600
8.533300 47.400000
8.618800 47.418300
9.070600 47.409700
8.587700 47.248500
8.533400 47.143400
8.310200 47.267800
8.916700 47.333300
9.226900 47.325900
9.050000 47.116700
9.100000 46.083300
9.150000 45.650000
9.272500 45.580100
8.850000 45.583300
8.233500 46.899300
7.670600 46.764000
7.696100 46.658500
7.670100 47.144100
8.716000 47.069500
7.552900 47.501200
8.916700 47.816700
9.116700 48.233300
9.150000 47.733300
10.250000 47.866700
9.533300 47.683300
10.683300 47.533300
11.250000 46.916700
11.366700 47.166700
11.666700 46.766700
10.733300 47.066700
10.666700 47.083300
10.466700 47.100000
9.966700 47.016700
9.637700 46.990200
12.700000 47.616700
12.400000 47.966700
11.900000 47.983300
13.666700 48.200000
14.016700 48.200000
14.733300 47.150000
14.833300 48.150000
14.716700 48.200000
15.466700 48.200000
15.650000 48.066700
16.166700 48.150000
16.200000 47.950000
17.733300 48.316700
17.938700 48.308400
16.583300 47.583300
18.515300 48.659700
18.175100 48.517800
19.950000 48.150000
19.436100 47.665300
19.433300 47.300000
20.283300 46.700000
20.266700 46.650000
19.002200 46.640000
18.858200 46.573100
18.506300 47.102700
17.257400 46.765800
17.623100 45.278900
17.705000 45.218900
17.400600 43.551100
16.398900 43.912500
16.341100 43.355300
14.966700 41.683300
18.126500 40.051400
18.250000 40.266700
17.700000 40.650000
16.860800 39.132800
16.300000 39.816700
15.783300 40.033300
15.283300 40.250000
15.450000 40.083300
15.316700 40.150000
15.066900 40.501600
16.330300 39.225200
16.366700 39.066700
16.225800 38.682900
16.466700 38.466700
15.712600 38.010300
15.931500 38.675800
15.138200 37.902000
15.233300 37.816700
15.133300 37.683300
14.883300 37.083300
12.788200 38.024200
12.968900 37.604100
10.537200 35.872800
8.784200 34.425000
8.784200 34.425000
6.633300 36.366700
4.533300 36.461100
1.496100 35.185700
3.266700 39.733300
1.811900 41.235100
2.123800 42.737900
1.535000 42.877000
1.966100 42.952000
3.107800 42.011200
1.883300 41.493400
2.036600 41.343600
-0.042300 41.715900
0.203900 42.320400
0.207200 42.464500
1.038200 42.931300
0.899400 43.084800
0.754400 43.016200
0.966700 42.937000
1.037900 43.342600
1.351900 43.479800
1.280500 43.200400
1.300000 44.016700
2.179500 44.503100
2.936800 44.533900
4.030800 44.368300
4.703900 44.922000
4.742500 45.266700
4.361500 44.982900
3.995100 44.939300
3.135800 44.701000
3.366700 43.866700
3.994500 44.114900
3.450000 44.200000
5.355000 43.213300
6.235000 43.137100
6.216700 44.200000
7.385300 43.752000
7.448400 43.878500
9.279900 41.589400
8.610800 39.160300
8.976600 39.492800
9.683300 40.566700
11.292300 42.598000
10.616700 43.050000
11.083300 42.883300
11.366600 42.791800
12.400000 42.916700
12.516700 42.016700
13.316700 41.774700
13.066700 42.016700
13.250000 42.700000
13.583300 43.150000
13.850000 43.016700
14.365200 41.121000
14.416700 40.916700
14.366000 40.878600
14.808300 40.774400
16.083300 43.566700
16.571400 43.571900
16.200000 44.466700
16.809400 45.176700
15.733300 46.383300
15.790600 46.423600
15.446700 46.387800
15.982500 46.956400
15.965600 46.764700
15.900000 46.750000
15.266700 47.116700
15.666700 47.050000
15.564200 47.023200
15.466700 47.283300
15.883300 48.183300
16.066700 48.200000
15.900000 48.566700
15.516700 48.750000
15.450000 48.800000
15.116700 48.333300
14.350000 48.233300
14.216700 48.266700
13.900000 48.233300
14.233300 48.416700
15.316700 48.483300
16.150000 48.366700
15.866700 48.116700
15.666700 48.133300
15.950000 47.833300
15.950000 47.433300
16.433300 47.750000
15.750000 47.116700
15.883300 46.966700
15.183300 47.233300
15.283300 47.416700
14.916700 46.966700
14.377200 46.783000
14.516700 46.466700
14.015000 46.665800
13.871400 46.925800
14.600000 46.616700
14.850000 46.766700
14.616700 46.533300
14.566700 46.200000
13.979700 45.796700
13.847200 46.109200
14.455900 45.390700
13.781400 45.585300
13.071700 45.883900
11.833300 44.716700
12.176400 45.320000
11.466700 45.350000
11.066700 45.683300
11.250000 45.733300
10.850000 44.600000
10.763200 44.451500
10.466400 44.389200
11.116700 43.983300
11.866700 44.350000
11.257600 44.545400
11.585500 44.398500
11.683300 44.050000
11.450000 43.683300
11.807800 43.366900
11.600000 43.283300
10.433300 43.383300
10.500000 43.800000
13.650000 43.066700
12.833300 43.300000
13.625500 43.492000
13.763600 45.110000
13.007300 46.157100
13.050600 45.906100
13.501700 45.793300
14.504400 45.712500
15.233300 45.483300
15.166700 45.733300
16.366700 46.250000
16.214200 45.850800
16.516700 46.466700
16.764000 46.780300
17.937200 45.696100
18.060000 45.579200
18.783100 45.455600
18.335800 45.683300
18.716700 46.016700
20.216400 45.902500
21.316700 46.150000
21.853600 45.812500
23.200000 46.233300
23.633300 46.150000
23.976400 46.448300
22.933300 47.416700
24.569400 48.634800
25.841100 47.384900
26.366700 47.166700
26.735200 47.123800
27.566700 47.216700
28.078500 46.861100
27.666700 46.233300
26.183300 45.850000
26.000000 45.600000
25.498800 44.801900
